##Falco	1.2.4
>>Basic Statistics	pass
#Measure	Value
Filename	subset_1_fastq
File type	Conventional base calls
Encoding	Sanger / Illumina 1.9
Total Sequences	458003
Sequences flagged as poor quality	0
Sequence length	20-150
%GC	26
>>END_MODULE
>>Per base sequence quality	pass
#Base	Mean	Median	Lower Quartile	Upper Quartile	10th Percentile	90th Percentile
1	37.0367	38	36	40	33	40
2	33.1994	37	29	39	21	40
3	33.1356	37	29	39	21	40
4	33.1197	37	29	39	20	40
5	33.1875	37	29	39	20	40
6	33.2856	37	30	39	20	40
7	33.2646	36	30	39	20	40
8	33.2768	36	30	39	21	40
9	33.2992	36	30	39	21	40
10-14	34.4102	37.6	32.4	39.8	23	40
15-19	34.6643	38	32.6	40	24	40
20-24	34.435	38	32	40	23.2	40
25-29	33.9484	37	31.2	40	22.2	40
30-34	33.6707	37	31	39	21.4	40
35-39	33.9988	37	31.8	39.2	22.8	40
40-44	34.1267	37	32	39	23	40
45-49	34.5123	37.8	32.2	39.8	23.8	40
50-54	34.4145	37.2	32	39.2	24	40
55-59	34.1634	37	32	39	24	40
60-64	32.6199	35.2	29.4	38.2	21.2	40
65-69	32.2902	35	29	38	21	40
70-74	33.2217	35.8	30.6	38	22.6	40
75-79	33.4348	36	31	38	23	40
80-84	33.3813	35.6	31	38	23	40
85-89	33.1953	35	31	38	23	40
90-94	32.7877	35	30.2	38	22.2	40
95-99	31.8213	33.4	28.4	38	21.2	39.2
100-104	32.068	33.8	29	38	21.8	39
105-109	32.4104	34	29.8	38	22.8	39.4
110-114	31.1533	32.8	28.2	36.4	20.8	38.2
115-119	28.796	30.4	24.2	34.8	17.2	38
120-124	29.1172	30.8	24.8	34.8	17.8	38
125-129	30.7102	32.6	27.4	35.8	20.4	38
130-134	30.7049	32.2	27.4	35.8	20.6	38
135-139	30.7248	32	28	35.6	21	38
140-144	29.5812	31.2	26.2	34.2	19.6	38
145-149	30.3285	31	27.6	34.8	22.4	38
150	30.705	31	28	35	23	38
>>END_MODULE
>>Per sequence quality scores	pass
#Quality	Count
17	3
18	27
19	165
20	556
21	1133
22	2018
23	3173
24	4663
25	6957
26	9805
27	13656
28	19381
29	26305
30	34793
31	43962
32	52785
33	60166
34	62053
35	54870
36	38618
37	17997
38	4235
39	658
40	24
>>END_MODULE
>>Per base sequence content	fail
#Base	G	A	T	C
1	2.6157	37.103	58.7754	1.50589
2	15.2532	31.1629	52.6298	0.951522
3	22.4114	27.9826	48.603	0.990387
4	24.0562	27.7324	47.1241	1.08427
5	24.1328	28.481	46.3521	1.0251
6	24.3389	28.3992	46.3049	0.93864
7	23.623	28.1358	47.2715	0.964623
8	23.3966	28.1882	47.4532	0.94912
9	23.492	28.0555	47.4988	0.953051
10-14	23.9634	27.6924	47.2999	1.01628
15-19	24.3743	27.4575	47.1555	0.97519
20-24	24.8716	26.9102	47.167	1.04493
25-29	25.1379	26.8867	46.9019	1.06402
30-34	25.4759	26.6428	46.7528	1.10135
35-39	25.7011	26.6218	46.5971	1.06917
40-44	25.6706	26.6302	46.5933	1.09684
45-49	25.8541	26.6572	46.3595	1.11379
50-54	25.8171	26.6068	46.4652	1.10808
55-59	25.9284	26.5303	46.3665	1.1626
60-64	25.9608	26.6029	46.3017	1.12793
65-69	25.9507	26.6303	46.32	1.09816
70-74	25.8961	26.4969	46.4313	1.16872
75-79	25.7233	26.4833	46.6327	1.15962
80-84	25.7925	26.3314	46.703	1.16743
85-89	25.732	26.4244	46.7056	1.13204
90-94	25.7168	26.2732	46.8361	1.16691
95-99	25.7416	26.265	46.7992	1.18525
100-104	25.7174	26.287	46.8164	1.17519
105-109	25.563	26.3176	46.9977	1.11086
110-114	25.4648	26.3824	46.9668	1.18088
115-119	25.4469	26.3633	46.9959	1.19267
120-124	25.206	26.2854	47.367	1.13554
125-129	24.9796	26.1051	47.7556	1.15142
130-134	24.8231	25.8633	48.1812	1.12759
135-139	24.4377	25.6143	48.9015	1.04426
140-144	24.0179	25.7448	49.2298	1.00753
145-149	23.706	24.6707	50.6739	0.949076
150	24.8153	23.1553	51.1136	0.915825
>>END_MODULE
>>Per sequence GC content	fail
#GC Content	Count
0	655
1	644.5
2	538
3	445
4	460.5
5	491.5
6	515.5
7	540.5
8	589.5
9	647.5
10	701
11	817.5
12	1040
13	1360
14	2000
15	3305
16	5462.5
17	8683.5
18	12967.5
19	17823.5
20	22642.5
21	26737
22	29699
23	31256
24	31672
25	31285
26	29890
27	27908.5
28	25755
29	23341
30	20728
31	18256.5
32	15847
33	13592
34	11695
35	10079.5
36	8617.5
37	7308
38	6152.5
39	5055.5
40	4234
41	3553.5
42	2912
43	2405
44	1981.5
45	1627
46	1339
47	1141.5
48	988.5
49	881.5
50	814.5
51	680
52	490.5
53	385
54	331
55	243
56	190
57	159.5
58	132
59	106
60	81
61	66.5
62	56
63	40.5
64	28.5
65	23.5
66	22
67	18
68	14
69	12.5
70	11
71	9
72	6
73	5
74	5
75	3.5
76	2
77	2.5
78	3
79	3
80	4
81	4
82	3
83	3
84	2.5
85	1
86	0
87	0.5
88	1
89	0.5
90	0
91	0
92	0
93	0.5
94	1
95	0.5
96	0
97	0
98	0
99	0
100	0
>>END_MODULE
>>Per base N content	pass
#Base	N-Count
1	0
2	0.00262007
3	0.0126637
4	0.00305675
5	0.00895191
6	0.0183405
7	0.0050218
8	0.012882
9	0.000655018
10-14	0.0279911
15-19	0.0376417
20-24	0.00620554
25-29	0.00937655
30-34	0.0271462
35-39	0.0109189
40-44	0.00900423
45-49	0.0154011
50-54	0.00275344
55-59	0.0121773
60-64	0.00664466
65-69	0.000812785
70-74	0.00708179
75-79	0.00109717
80-84	0.00567095
85-89	0.00600094
90-94	0.00700213
95-99	0.00897883
100-104	0.00397729
105-109	0.0108738
110-114	0.0051065
115-119	0.00127343
120-124	0.0060073
125-129	0.00829615
130-134	0.00478959
135-139	0.00226423
140-144	0
145-149	0.00026191
150	0
>>END_MODULE
>>Sequence Length Distribution	warn
#Length	Count
20	271.0
21	91.0
22	112.0
23	156.0
24	353.0
25	511.0
26	96.0
27	150.0
28	179.0
29	273.0
30	461.0
31	85.0
32	114.0
33	167.0
34	253.0
35	427.0
36	69.0
37	145.0
38	158.0
39	257.0
40	544.0
41	73.0
42	108.0
43	163.0
44	260.0
45	553.0
46	112.0
47	151.0
48	210.0
49	378.0
50	686.0
51	147.0
52	220.0
53	263.0
54	495.0
55	831.0
56	174.0
57	260.0
58	324.0
59	727.0
60	1444.0
61	250.0
62	426.0
63	248.0
64	506.0
65	1078.0
66	285.0
67	254.0
68	327.0
69	500.0
70	965.0
71	220.0
72	305.0
73	426.0
74	747.0
75	1413.0
76	256.0
77	355.0
78	497.0
79	838.0
80	1767.0
81	326.0
82	377.0
83	531.0
84	858.0
85	1745.0
86	312.0
87	446.0
88	513.0
89	1020.0
90	2061.0
91	312.0
92	474.0
93	752.0
94	1491.0
95	3813.0
96	762.0
97	595.0
98	812.0
99	1348.0
100	2795.0
101	508.0
102	631.0
103	1033.0
104	1728.0
105	3583.0
106	694.0
107	1039.0
108	1525.0
109	3094.0
110	6679.0
111	1106.0
112	1491.0
113	2252.0
114	3122.0
115	7417.0
116	706.0
117	1007.0
118	1826.0
119	2221.0
120	4197.0
121	848.0
122	1259.0
123	1465.0
124	2580.0
125	5181.0
126	1268.0
127	1789.0
128	2663.0
129	4666.0
130	10685.0
131	1554.0
132	2004.0
133	3141.0
134	5452.0
135	12288.0
136	1917.0
137	2706.0
138	4563.0
139	9031.0
140	26852.0
141	4614.0
142	3397.0
143	4175.0
144	7397.0
145	15853.0
146	2295.0
147	2898.0
148	4437.0
149	8315.0
150	211394.0
>>END_MODULE
>>Sequence Duplication Levels	pass
#Total Deduplicated Percentage	97.1535
#Duplication Level	Percentage of deduplicated	Percentage of total
1	97.6917	94.9109
2	2.01443	3.91419
3	0.164401	0.479164
4	0.0559565	0.217455
5	0.0339901	0.165113
6	0.0147984	0.0862631
7	0.0073992	0.0503201
8	0.0064743	0.0503201
9	0.00346838	0.0303269
>10	0.0073992	0.0959227
>50	0	0
>100	0	0
>500	0	0
>1k	0	0
>5k	0	0
>10k+	0	0
>>END_MODULE
>>Overrepresented sequences	pass
>>END_MODULE
>>Adapter Content	pass
#Position	Illumina Universal Adapter	Illumina Small RNA 3' Adapter	Illumina Small RNA 5' Adapter	Nextera Transposase Sequence	PolyA	PolyG
1	0	0	0	0	0.0934492	0
2	0	0	0	0	0.105895	0
3	0	0	0	0	0.118121	0
4	0	0	0	0	0.13144	0
5	0	0	0	0	0.146942	0
6	0	0	0	0	0.158514	0
7	0	0	0	0	0.168558	0
8	0	0	0	0	0.179693	0
9	0	0	0	0	0.196942	0
10	0	0	0	0	0.206331	0
11	0	0	0	0	0.215501	0
12	0	0	0	0	0.222706	0
13	0	0	0	0	0.23537	0
14	0	0	0	0	0.243012	0
15	0	0	0	0	0.25109	0.0010917
16	0	0	0	0	0.258732	0.0010917
17	0	0	0	0	0.265719	0.0010917
18	0	0	0	0	0.269649	0.00152837
19	0	0	0	0	0.275981	0.00152837
20	0	0	0	0	0.282313	0.00174671
21	0	0	0	0	0.288644	0.00196505
22	0	0	0	0	0.29454	0.00196505
23	0	0	0	0	0.301745	0.00196505
24	0	0	0	0	0.304583	0.00218339
25	0	0	0	0	0.309168	0.00283841
26	0	0	0	0	0.313098	0.00305675
27	0	0	0	0	0.31943	0.00305675
28	0	0	0	0	0.326199	0.00327509
29	0	0	0	0	0.331002	0.00393011
30	0	0	0	0	0.335587	0.00414844
31	0	0	0	0	0.341919	0.00458512
32	0	0	0	0	0.346941	0.00480346
33	0	0	0	0	0.352181	0.00480346
34	0	0	0	0	0.359168	0.0050218
35	0	0	0	0	0.3655	0.00524014
36	0	0	0	0	0.371832	0.00545848
37	0	0	0	0	0.377727	0.00545848
38	0	0	0	0	0.383185	0.00633184
39	0	0	0	0	0.387552	0.00655018
40	0	0	0	0	0.395849	0.00720519
41	0	0	0	0	0.404146	0.00720519
42	0	0	0	0	0.412224	0.00742353
43	0	0	0	0	0.418338	0.00742353
44	0	0	0	0	0.423578	0.00807855
45	0	0	0	0	0.426635	0.00829689
46	0	0	0	0	0.43122	0.00851523
47	0	0	0	0	0.435805	0.00895191
48	0	0	0	0	0.440608	0.00895191
49	0	0	0	0	0.447814	0.00917025
50	0	0	0	0	0.451744	0.00917025
51	0	0	0	0	0.455237	0.00982526
52	0	0	0	0	0.459386	0.0100436
53	0	0	0	0	0.466154	0.0100436
54	0	0	0	0	0.471176	0.0102619
55	0	0	0	0	0.474451	0.0104803
56	0	0	0	0	0.478381	0.0111353
57	0	0	0	0	0.481001	0.0113536
58	0	0	0	0	0.48646	0.0120087
59	0	0	0	0	0.491045	0.0120087
60	0	0	0	0	0.497158	0.012227
61	0	0	0	0	0.502398	0.012227
62	0	0	0	0	0.51004	0.0124453
63	0	0	0	0	0.517246	0.0124453
64	0	0	0	0	0.522704	0.0124453
65	0	0	0	0	0.526416	0.0124453
66	0	0	0	0	0.531001	0.0126637
67	0	0	0	0	0.535586	0.0126637
68	0	0	0	0	0.5417	0.012882
69	0	0	0	0	0.547813	0.0131004
70	0	0	0	0	0.552616	0.0131004
71	0	0	0	0	0.55611	0.0133187
72	0	0	0	0	0.559167	0.0133187
73	0	0	0	0	0.563533	0.0133187
74	0	0	0	0	0.567464	0.0137554
75	0	0	0	0	0.56921	0.0139737
76	0	0	0	0	0.572267	0.0139737
77	0	0	0	0	0.576634	0.0146287
78	0	0	0	0	0.582529	0.0146287
79	0	0	0	0	0.588861	0.0148471
80	0	0	0	0	0.594538	0.0148471
81	0	0	0	0	0.599123	0.0148471
82	0	0	0	0	0.601524	0.0148471
83	0	0	0	0	0.607856	0.0148471
84	0	0	0	0	0.618118	0.0148471
85	0	0	0	0	0.624668	0.0155021
86	0	0	0	0	0.631655	0.0155021
87	0	0	0	0	0.634712	0.0155021
88	0	0	0	0	0.63886	0.0155021
89	0	0	0	0	0.643664	0.0155021
90	0	0	0	0	0.647594	0.0155021
91	0	0	0	0	0.652616	0.0155021
92	0	0	0	0	0.658729	0.0155021
93	0	0	0	0	0.663533	0.0155021
94	0	0	0	0	0.666371	0.0155021
95	0	0	0	0	0.671611	0.0155021
96	0	0	0	0	0.677725	0.0155021
97	0	0	0	0	0.681437	0.0155021
98	0	0	0	0	0.685367	0.0157204
99	0	0	0	0	0.691262	0.0157204
100	0	0	0	0	0.694537	0.0157204
101	0	0	0	0	0.700214	0.0157204
102	0	0	0	0	0.703271	0.0157204
103	0	0	0	0	0.706764	0.0157204
104	0	0	0	0	0.709384	0.0159388
105	0	0	0	0	0.714624	0.0159388
106	0	0	0	0	0.718118	0.0159388
107	0	0	0	0	0.720519	0.0159388
108	0	0	0	0	0.723358	0.0159388
109	0	0	0	0	0.728598	0.0159388
110	0	0	0	0	0.732091	0.0159388
111	0	0	0	0	0.739733	0.0159388
112	0	0	0	0	0.746065	0.0159388
113	0	0	0	0	0.756327	0.0159388
114	0	0	0	0	0.760694	0.0161571
115	0	0	0	0	0.764624	0.0161571
116	0	0	0	0	0.772702	0.0161571
117	0	0	0	0	0.779471	0.0161571
118	0	0	0	0	0.786239	0.0161571
119	0	0	0	0	0.792135	0.0161571
120	0	0	0	0	0.795628	0.0161571
121	0	0	0	0	0.80065	0.0161571
122	0	0	0	0	0.80589	0.0161571
123	0	0	0	0	0.811785	0.0161571
124	0	0	0	0	0.817244	0.0161571
125	0	0	0	0	0.821829	0.0161571
126	0	0	0	0	0.828379	0.0163754
127	0	0	0	0	0.832309	0.0163754
128	0	0	0	0	0.837767	0.0163754
129	0	0	0	0	0.842134	0.0163754
130	0	0	0	0	0.845846	0.0163754
131	0	0	0	0	0.849121	0.0165938
132	0	0	0	0	0.852833	0.0165938
133	0	0	0	0	0.857418	0.0165938
134	0	0	0	0	0.863531	0.0165938
135	0	0	0	0	0.867898	0.0165938
136	0	0	0	0	0.871173	0.0165938
137	0	0	0	0	0.873793	0.0165938
138	0	0	0	0	0.879034	0.0165938
139	0	0	0	0	0.880562	0.0165938
140	0	0	0	0	0.880562	0.0165938
141	0	0	0	0	0.880562	0.0165938
142	0	0	0	0	0.880562	0.0165938
143	0	0	0	0	0.880562	0.0165938
144	0	0	0	0	0.880562	0.0165938
145	0	0	0	0	0.880562	0.0165938
146	0	0	0	0	0.880562	0.0165938
147	0	0	0	0	0.880562	0.0165938
148	0	0	0	0	0.880562	0.0165938
149	0	0	0	0	0.880562	0.0165938
150	0	0	0	0	0.880562	0.0165938
>>END_MODULE
